0 0.256474 0.142439 0.034412 0.057309
0 0.318597 0.146685 0.035402 0.057267
0 0.193242 0.314494 0.034893 0.058555
0 0.581305 0.804699 0.037254 0.062563
0 0.382837 0.149257 0.034595 0.059090
0 0.728862 0.454219 0.038382 0.060244
0 0.253027 0.319597 0.033414 0.060376
0 0.692484 0.731180 0.038521 0.060329
0 0.407237 0.422563 0.037498 0.060174
0 0.313800 0.323398 0.036768 0.059746
0 0.689299 0.545471 0.038679 0.064115
0 0.702333 0.358102 0.037988 0.061519
0 0.232820 0.847878 0.034578 0.058543
0 0.756106 0.549425 0.037781 0.064117
0 0.508442 0.159860 0.035838 0.058728
0 0.633736 0.352645 0.037703 0.061159
0 0.538289 0.254538 0.037891 0.061818
0 0.670272 0.264897 0.036596 0.062683
0 0.184888 0.490078 0.036376 0.060883
0 0.503332 0.341003 0.038489 0.060607
0 0.144219 0.581242 0.035750 0.059901
0 0.269464 0.763523 0.034735 0.060604
0 0.269976 0.592143 0.035213 0.060109
0 0.544788 0.890765 0.036322 0.062718
0 0.651476 0.816871 0.039563 0.063173
0 0.475576 0.249006 0.036815 0.060797
0 0.221834 0.405671 0.036352 0.059885
0 0.377807 0.331141 0.036199 0.060258
0 0.611513 0.898045 0.036435 0.060669
0 0.370104 0.510073 0.037173 0.061020
0 0.455197 0.787269 0.037120 0.061276
0 0.558748 0.527532 0.037733 0.061609
0 0.518055 0.796782 0.036260 0.060286
0 0.053919 0.528029 0.107743 0.062624
0 0.531554 0.434419 0.035156 0.061593
0 0.444542 0.156510 0.034981 0.060915
0 0.293055 0.857425 0.035557 0.059226
0 0.657438 0.636009 0.038916 0.063678
0 0.223572 0.227622 0.034499 0.058391
0 0.638214 0.171387 0.036270 0.060869
0 0.417492 0.872727 0.038135 0.061650
0 0.344560 0.416663 0.036023 0.060760
0 0.468879 0.428358 0.037288 0.063438
0 0.327198 0.770999 0.036300 0.059263
0 0.602526 0.261235 0.036049 0.060071
0 0.444489 0.154774 0.036799 0.062650
0 0.638847 0.172639 0.035141 0.059690
0 0.439839 0.334912 0.035425 0.063953
0 0.204592 0.760408 0.033708 0.057884
0 0.611236 0.896933 0.037088 0.062331
0 0.308185 0.503122 0.035541 0.062325
0 0.102175 0.864686 0.204351 0.122793
0 0.481586 0.882789 0.035235 0.060061
0 0.355971 0.866576 0.035886 0.059123
0 0.055016 0.538245 0.110032 0.075794
0 0.160265 0.401087 0.034898 0.060941
0 0.566913 0.347951 0.035746 0.061879
0 0.282441 0.410846 0.036400 0.061468
0 0.573345 0.161419 0.034728 0.063370
0 0.725060 0.643562 0.037673 0.062607
0 0.391814 0.780832 0.035332 0.062431
0 0.573790 0.163216 0.035186 0.061837
0 0.246155 0.496795 0.037219 0.061442
0 0.597021 0.439254 0.037545 0.061310
0 0.495588 0.521507 0.036689 0.062844
0 0.068675 0.348471 0.136903 0.065614
0 0.334371 0.592872 0.037056 0.059313
0 0.592748 0.626366 0.037157 0.063301
0 0.611010 0.897018 0.036234 0.060191
0 0.100384 0.864468 0.200769 0.103009
0 0.286496 0.232959 0.037107 0.060954
0 0.287017 0.234422 0.037400 0.060097
0 0.094569 0.196228 0.187414 0.036932
0 0.072027 0.351129 0.144053 0.072682
0 0.207975 0.585283 0.036917 0.062424
0 0.488715 0.702411 0.037777 0.061237
0 0.102308 0.864812 0.204617 0.113687
0 0.459698 0.608284 0.036491 0.060923
0 0.431567 0.518149 0.036309 0.060933
