0 0.364540 0.324321 0.055017 0.083279
0 0.496047 0.675888 0.059237 0.083962
0 0.349189 0.769419 0.055543 0.081560
0 0.536581 0.795514 0.060121 0.083077
0 0.395213 0.881260 0.056779 0.078734
0 0.269808 0.320268 0.053840 0.080554
0 0.222068 0.647224 0.051265 0.076872
0 0.268081 0.542142 0.053680 0.080780
0 0.408995 0.440817 0.057827 0.083927
0 0.092018 0.646191 0.184036 0.114516
0 0.360240 0.548706 0.055945 0.082853
0 0.261076 0.758973 0.051636 0.077311
0 0.091706 0.644081 0.183413 0.102814
0 0.314731 0.435431 0.054012 0.080373
0 0.320332 0.209788 0.052688 0.075375
0 0.460797 0.330533 0.057923 0.081097
0 0.224726 0.430056 0.050209 0.076234
0 0.485706 0.897292 0.056312 0.079789
0 0.507703 0.448048 0.058136 0.082925
0 0.442550 0.781040 0.058538 0.081549
0 0.456079 0.555826 0.057727 0.082200
0 0.083548 0.506826 0.167097 0.085885
0 0.589102 0.687823 0.058968 0.080126
0 0.308884 0.655597 0.054884 0.080107
0 0.428531 0.830385 0.856847 0.332806
0 0.401926 0.665416 0.056272 0.082177
0 0.314431 0.434868 0.054470 0.080266
0 0.092188 0.654187 0.184375 0.119623
0 0.455834 0.832294 0.878592 0.330293
0 0.117280 0.330752 0.222016 0.065081
0 0.185142 0.537104 0.049445 0.075877
0 0.092288 0.654813 0.184577 0.112132
0 0.426207 0.830271 0.852414 0.333166
0 0.441982 0.780688 0.058844 0.080616
0 0.113553 0.329627 0.223067 0.062614
0 0.315506 0.434662 0.053109 0.082698
