0 0.571242 0.352263 0.035643 0.043546
0 0.544065 0.411593 0.034518 0.043193
0 0.546790 0.289631 0.035035 0.043084
0 0.519290 0.349440 0.034418 0.042982
0 0.179538 0.444613 0.030335 0.040273
0 0.522432 0.227727 0.034795 0.042658
0 0.596172 0.415141 0.035429 0.043834
0 0.495405 0.287424 0.034252 0.042566
0 0.249665 0.274949 0.030735 0.040915
0 0.568584 0.473827 0.034451 0.042780
0 0.319876 0.337101 0.032115 0.041090
0 0.295749 0.394993 0.031497 0.041177
0 0.498255 0.166591 0.034915 0.042588
0 0.471330 0.226192 0.033725 0.042353
0 0.200633 0.503426 0.030187 0.040274
0 0.421210 0.224173 0.033177 0.043302
0 0.573375 0.230130 0.035343 0.043520
0 0.444711 0.284982 0.033516 0.043189
0 0.447448 0.165415 0.033990 0.042414
0 0.272885 0.334712 0.032012 0.040827
0 0.468227 0.346568 0.033802 0.043428
0 0.343190 0.397773 0.032175 0.041604
0 0.226021 0.332470 0.030337 0.041667
0 0.397589 0.163715 0.033468 0.042817
0 0.621254 0.478479 0.035284 0.044762
0 0.155445 0.501094 0.030399 0.040537
0 0.492383 0.408371 0.033815 0.042899
0 0.224144 0.447834 0.030342 0.041589
0 0.345391 0.279123 0.032718 0.043099
0 0.418181 0.343052 0.032070 0.043370
0 0.297889 0.276685 0.032464 0.041398
0 0.368362 0.340279 0.032504 0.042535
0 0.204275 0.273535 0.030306 0.040839
0 0.601925 0.169226 0.034573 0.044482
0 0.274067 0.217670 0.031196 0.042020
0 0.523836 0.105844 0.034369 0.042970
0 0.246660 0.506544 0.031586 0.040808
0 0.374193 0.103503 0.032897 0.041802
0 0.623400 0.356165 0.035949 0.045197
0 0.517048 0.470282 0.033931 0.042735
0 0.318433 0.455531 0.032147 0.041071
0 0.394866 0.281912 0.032539 0.043462
0 0.728062 0.487906 0.035608 0.043318
0 0.703991 0.549524 0.036108 0.044003
0 0.592387 0.537603 0.034215 0.043526
0 0.391935 0.401091 0.032131 0.042287
0 0.626848 0.232370 0.034493 0.045039
0 0.366169 0.458443 0.031499 0.041239
0 0.325363 0.102816 0.032116 0.041857
0 0.322590 0.219338 0.032505 0.043374
0 0.441847 0.404408 0.031854 0.043311
0 0.222343 0.562313 0.031307 0.040264
0 0.202704 0.388948 0.029661 0.041297
0 0.565572 0.595660 0.034093 0.042675
0 0.648461 0.419294 0.035858 0.046059
0 0.299152 0.160989 0.032044 0.042991
0 0.646031 0.542526 0.034851 0.045572
0 0.540320 0.532867 0.033801 0.041953
0 0.134962 0.442706 0.030274 0.039534
0 0.576257 0.107353 0.034385 0.043681
0 0.268164 0.566186 0.031440 0.040866
0 0.703642 0.423678 0.035970 0.044435
0 0.252076 0.158218 0.029778 0.042718
0 0.651999 0.296150 0.034887 0.045519
0 0.176788 0.558844 0.029147 0.040702
0 0.473774 0.105321 0.034535 0.042359
0 0.590514 0.659152 0.034421 0.043530
0 0.548615 0.167801 0.035009 0.043657
0 0.409449 0.929827 0.033083 0.041885
0 0.415590 0.462547 0.031870 0.042244
0 0.227546 0.216127 0.029971 0.040511
0 0.290734 0.626038 0.031585 0.041307
0 0.277014 0.102154 0.030993 0.041996
0 0.618291 0.601193 0.034655 0.044288
0 0.157157 0.386082 0.030859 0.041203
0 0.244519 0.620974 0.031732 0.040950
0 0.588846 0.779385 0.034354 0.043029
0 0.563073 0.716709 0.034576 0.042847
0 0.507351 0.945317 0.033785 0.042136
0 0.342302 0.516225 0.032001 0.041236
0 0.390738 0.519604 0.031677 0.040907
0 0.293165 0.511225 0.031072 0.041745
0 0.287607 0.853889 0.032581 0.041636
0 0.434309 0.875008 0.033404 0.042633
0 0.484418 0.883564 0.033702 0.042304
0 0.677483 0.359296 0.034942 0.046221
0 0.263379 0.793561 0.032085 0.041560
0 0.458259 0.936838 0.033412 0.043165
0 0.385383 0.868387 0.032965 0.040796
0 0.220264 0.674615 0.030526 0.040532
0 0.439490 0.523973 0.032471 0.041994
0 0.465681 0.466811 0.032085 0.043172
0 0.180973 0.330609 0.031202 0.040620
0 0.616463 0.722791 0.034539 0.044259
0 0.242675 0.733937 0.030666 0.040972
0 0.673319 0.608610 0.035382 0.043936
0 0.534768 0.891305 0.034113 0.043631
0 0.313100 0.685890 0.032988 0.041510
0 0.266277 0.680563 0.030860 0.041379
0 0.311473 0.799569 0.033045 0.041966
0 0.288698 0.739702 0.031794 0.042096
0 0.412981 0.580824 0.032436 0.041255
0 0.513340 0.591326 0.034998 0.043328
0 0.538234 0.654109 0.034907 0.042681
0 0.459785 0.821382 0.033749 0.042608
0 0.336232 0.746588 0.033384 0.041788
0 0.423963 0.104752 0.033510 0.042113
0 0.410024 0.813211 0.033610 0.042270
0 0.462805 0.585743 0.033388 0.043026
0 0.247661 0.392303 0.031105 0.041371
0 0.436332 0.642364 0.033419 0.041252
0 0.315602 0.570685 0.031317 0.042035
0 0.338919 0.630901 0.031787 0.041949
0 0.673542 0.483837 0.036275 0.044818
0 0.364187 0.576917 0.032498 0.041768
0 0.362000 0.691435 0.033691 0.041824
0 0.560975 0.836581 0.034690 0.044199
0 0.348448 0.162021 0.033151 0.042601
0 0.486585 0.647940 0.034707 0.043576
0 0.511158 0.710650 0.034768 0.044794
0 0.385206 0.752730 0.034076 0.041820
0 0.270968 0.452155 0.031538 0.041006
0 0.535942 0.773928 0.035038 0.044584
0 0.371533 0.221614 0.032069 0.043049
0 0.597751 0.292716 0.035423 0.044135
0 0.386951 0.637456 0.033634 0.042758
0 0.360837 0.807027 0.033666 0.041252
0 0.270732 0.451725 0.030491 0.041053
0 0.510935 0.828070 0.035017 0.042590
0 0.598896 0.292561 0.035583 0.043627
0 0.371725 0.222045 0.032785 0.042907
0 0.336287 0.859985 0.032910 0.042678
0 0.361298 0.920491 0.032785 0.042186
0 0.359948 0.921196 0.033341 0.042036
0 0.198658 0.615945 0.030964 0.041777
0 0.197615 0.616388 0.031258 0.041705
0 0.643599 0.665442 0.033927 0.044604
0 0.250163 0.276381 0.030743 0.041890
0 0.435250 0.759650 0.033723 0.042308
0 0.489230 0.528869 0.032968 0.043536
0 0.179845 0.446231 0.030833 0.041717
0 0.489029 0.528875 0.034092 0.042976
0 0.201037 0.505203 0.030458 0.040743
0 0.334907 0.860583 0.033198 0.042311
0 0.204038 0.275091 0.030859 0.043012
0 0.485897 0.765715 0.034864 0.041349
0 0.343362 0.399632 0.032734 0.043067
